[[[0.0 17.884051547945795 111.05510363989569 11.7779732622147 -14.35852011932766 
29.390472941156673 -12.065530110747133 13.110175185006202 54.2457830060046 168.21399084190668 
269.5529297725317 -95.94683579365498 -118.42445186527382 57.734319143343015 204.43840180566417 
239.40175443927419 383.1674234856255 ]
[-0.02147730253636837 70.98580932617188 124.84728240966797 231.73883056640625 -70.98599243164062 
-62.284671783447266 -16.277416229248047 -22.363737106323242 -76.81944274902344 -135.3504180908203 
-74.52869415283203 -140.43258666992188 -246.8912353515625 -258.05255126953125 16.79237174987793 
10.004575729370117 -113.03089141845703 ]
[0.0 5.86083555560167 -427.1180405481629 -870.3457196071008 -4.705473198596516 
-445.42939778880265 -897.743584954052 80.87731522584824 334.6449021419022 375.67811433242707 
430.0418840362936 350.52690951188396 72.55422888348664 -107.26812872738915 318.7628947719207 
42.083263478581955 -164.55512913918636 ]]]